lr0: 0.0119
lrf: 0.10207
momentum: 0.88846
weight_decay: 0.00046
warmup_epochs: 3.25601
warmup_momentum: 0.88537
warmup_bias_lr: 0.09557
box: 0.05207
cls: 0.53535
cls_pw: 1.12349
obj: 1.10592
obj_pw: 1.0
iou_t: 0.2
anchor_t: 4.0
fl_gamma: 0.0
hsv_h: 0.01468
hsv_s: 0.67531
hsv_v: 0.3871
degrees: 0.0
translate: 0.1
scale: 0.52205
shear: 0.0
perspective: 0.0
flipud: 0.0
fliplr: 0.5
mosaic: 0.94374
mixup: 0.0
copy_paste: 0.0
anchors: 2.0
